#TITLE:Danza del WititiV3 ;
#SUBTITLE:;
#ARTIST:AutoStepper by phr00t.com;
#TITLETRANSLIT:;
#SUBTITLETRANSLIT:;
#ARTISTTRANSLIT:;
#GENRE:;
#CREDIT:AutoStepper by phr00t.com;
#BANNER:;
#BACKGROUND:;
#LYRICSPATH:;
#CDTITLE:;
#MUSIC:Danza del WititiV3.mp3;
#OFFSET:-0.20352392;
#SAMPLESTART:30.0;
#SAMPLELENGTH:30.0;
#SELECTABLE:YES;
#BPMS:0.000000=148.0;
#STOPS:;
#KEYSOUNDS:;
#ATTACKS:;//---------------dance-single - ----------------
#NOTES:
     dance-single:
     :
     Beginner:
     2:
     0.733800,0.772920,0.048611,0.850698,0.060764,634.000000,628.000000,6.000000,105.000000,8.000000,0.000000,0.733800,0.772920,0.048611,0.850698,0.060764,634.000000,628.000000,6.000000,105.000000,8.000000,0.000000:
0000
0100
0010
0200
,
0320
0000
0100
0000
,
1030
0000
0100
0010
,
0100
0000
0010
0000
,
0200
0000
0310
0000
,
1000
0000
0010
0000
,
0100
0000
0001
0010
,
0100
0200
1000
0000
,
1300
0000
0200
0000
,
1300
0000
0020
0000
,
0130
0000
0001
0010
,
0020
0000
0100
0000
,
1030
0000
0100
0000
,
0100
0000
0002
0000
,
1003
0000
0120
0000
,
0002
0000
0030
0003
,
0010
0001
1000
1000
,
0010
0000
1001
0000
,
0002
0000
0103
0000
,
0020
0000
0001
0030
,
0100
2000
0020
0000
,
3030
0000
0100
0000
,
0102
0000
0103
0000
,
1000
0000
1000
0000
,
1000
0000
0001
0000
,
2200
0000
3300
0000
,
0100
0000
0001
0000
,
2000
0000
3001
0000
,
1000
0000
0100
0000
,
0020
0000
0200
0000
,
0030
0300
0010
2000
,
3010
0000
0020
0000
,
0130
0000
0001
0000
,
0102
0000
0020
0000
,
0003
0000
0130
0000
,
2000
0000
0002
0000
,
3000
0000
0103
0000
,
0001
0000
0010
0000
,
1000
0000
2010
0000
,
0100
0000
3100
0000
,
0002
0000
1003
0000
,
2200
0000
0000
0000
,
3300
0000
0100
0000
,
0002
0000
0010
0000
,
0003
0000
0000
0000
,
0000
0000
0000
0000
,
0000
0000
0000
0000
,
0000
0000
0000
0000
,
0000
0000
0000
0000
,
0000
0000
0000
0000
,
0000
0000
0000
0000
,
0000
0000
0000
0000
,
0000
0000
0000
0000
,
0000
0000
0000
0000
,
0000
0000
0000
0000
,
0000
0000
0000
3333
;

//---------------dance-single - ----------------
#NOTES:
     dance-single:
     :
     Easy:
     4:
     0.733800,0.772920,0.048611,0.850698,0.060764,634.000000,628.000000,6.000000,105.000000,8.000000,0.000000,0.733800,0.772920,0.048611,0.850698,0.060764,634.000000,628.000000,6.000000,105.000000,8.000000,0.000000:
0000
0000
0011
0000
,
1000
0000
0200
0000
,
0301
0000
0001
0100
,
0001
0000
0001
1000
,
0002
0003
1000
1000
,
0001
0000
1000
0000
,
0010
0001
0100
0010
,
0001
0000
1100
0000
,
1000
0010
0020
0030
,
0100
1000
2000
0000
,
3001
0000
1000
0010
,
2000
0000
0100
0000
,
3001
0000
1100
0000
,
0001
2000
0200
0000
,
3300
0000
0001
0100
,
2000
0000
0010
3000
,
0001
2000
3010
0000
,
1000
0000
0001
0000
,
2000
0000
3100
0000
,
2000
0000
0001
0000
,
3010
0000
0020
0000
,
0031
0000
1010
0000
,
1000
0000
0100
0000
,
0200
0000
0301
0000
,
0010
0000
0220
0000
,
0000
0330
0000
0001
,
0100
0000
0010
0000
,
0010
0000
1001
0001
,
1000
0001
0010
0200
,
2000
0000
0300
0000
,
3100
0000
0200
0000
,
0301
0000
0002
0000
,
0013
0000
0001
0000
,
1000
0000
2000
0000
,
0100
0000
3001
0000
,
2000
0000
0020
0000
,
3000
0030
0001
0002
,
0013
0000
0010
0001
,
0100
0000
0012
0000
,
1000
0003
0100
0020
,
0002
0000
0030
0000
,
0013
0000
0001
0000
,
0100
0000
0100
0000
,
2000
0000
0100
0000
,
3000
0000
0000
0000
,
0000
0000
0000
0000
,
0000
0000
0000
0000
,
0000
0000
0000
0000
,
0000
0000
0000
0000
,
0000
0000
0000
0000
,
0000
0000
0000
0000
,
0000
0000
0000
0000
,
0000
0000
0000
0000
,
0000
0000
0000
0000
,
0000
0000
0000
0000
,
0000
0000
0000
3333
;

//---------------dance-single - ----------------
#NOTES:
     dance-single:
     :
     Medium:
     6:
     0.733800,0.772920,0.048611,0.850698,0.060764,634.000000,628.000000,6.000000,105.000000,8.000000,0.000000,0.733800,0.772920,0.048611,0.850698,0.060764,634.000000,628.000000,6.000000,105.000000,8.000000,0.000000:
0000
0000
1001
0000
0001
0000
0000
0000
,
0010
0000
0010
0000
0010
0000
0200
0300
,
0000
0000
0001
2000
3010
0000
0010
0000
,
2200
0000
3000
0000
0301
0000
0100
0000
,
0000
0000
0010
0000
1000
0100
0001
0000
,
0001
0000
0000
0020
1030
0000
1001
0000
,
0000
0100
1000
0000
0001
0000
0100
0010
,
0001
0000
2000
0000
0001
3000
0010
0100
,
1000
0000
0011
0000
0000
0000
0010
0000
,
0010
0000
1000
0000
0001
0100
0010
0000
,
0100
0000
0100
0000
0001
0000
0011
0000
,
0001
0000
1000
0000
0010
0000
0001
0000
,
0100
0000
0010
0000
0010
0000
1000
0000
,
1000
0000
0220
0000
0000
0000
0330
0000
,
0100
0000
1000
0000
0020
0000
0130
0000
,
0020
0000
2000
0000
3030
0000
1000
0000
,
0001
0000
0220
0000
0330
0000
0000
0000
,
0100
0000
0002
0000
1003
0000
1000
0000
,
0010
0000
0100
0000
0000
0000
2000
0000
,
3200
0000
0010
0000
0301
0000
0001
0000
,
0110
0000
0000
0000
0020
0000
0230
0000
,
0301
0000
0100
0000
1000
0000
0100
0000
,
0200
0000
0301
0000
1000
0000
0100
1000
,
0010
0000
0022
0000
0000
0000
0033
0000
,
0001
0000
0100
0000
1000
0000
0002
0000
,
0020
0000
0033
0000
1000
0000
0011
0000
,
0000
0000
1000
0000
0100
0000
1000
0000
,
0001
0000
2000
3000
0100
0100
0001
1000
,
0001
0000
0011
0000
0000
0000
0001
0000
,
0100
0000
0010
0000
1000
0000
0000
0000
,
0020
0000
0031
0000
0010
0000
2002
0000
,
3003
0000
0100
0000
0200
0000
0301
0000
,
0001
0000
0001
0000
1000
0000
1000
0000
,
0000
0000
0101
0000
0000
0000
2000
0000
,
0010
3000
0000
0000
0001
0010
0001
0100
,
0010
0000
0010
0000
0010
0000
1001
0000
,
0000
0000
0000
0000
1000
0000
0002
0000
,
2000
0000
3003
0000
0000
0000
1000
0000
,
0001
0100
1000
0100
1000
0000
1000
0000
,
1000
0000
1001
0000
0000
0000
0100
1000
,
0001
0000
0001
0010
0001
0000
0000
0000
,
0001
0000
2000
0000
0000
0000
3020
0000
,
0031
0000
1100
0000
0010
0000
0001
0000
,
0000
0000
0000
0100
1000
0000
0010
0000
,
0000
0000
0000
0000
0000
0000
0000
0000
,
0000
0000
0000
0000
0000
0000
0000
0000
,
0000
0000
0000
0000
0000
0000
0000
0000
,
0000
0000
0000
0000
0000
0000
0000
0000
,
0000
0000
0000
0000
0000
0000
0000
0000
,
0000
0000
0000
0000
0000
0000
0000
0000
,
0000
0000
0000
0000
0000
0000
0000
0000
,
0000
0000
0000
0000
0000
0000
0000
0000
,
0000
0000
0000
0000
0000
0000
0000
0000
,
0000
0000
0000
0000
0000
0000
0000
0000
,
0000
0000
0000
0000
0000
0000
0000
0000
,
0000
0000
0000
0000
0000
0000
3333
3333
;

//---------------dance-single - ----------------
#NOTES:
     dance-single:
     :
     Hard:
     8:
     0.733800,0.772920,0.048611,0.850698,0.060764,634.000000,628.000000,6.000000,105.000000,8.000000,0.000000,0.733800,0.772920,0.048611,0.850698,0.060764,634.000000,628.000000,6.000000,105.000000,8.000000,0.000000:
0000
0000
0110
0000
0010
0000
0000
0002
,
2003
0000
3010
0000
0100
0000
2000
3000
,
0000
0000
1000
0002
0013
0000
1000
0000
,
2020
0000
0030
0000
3001
0000
0001
0100
,
0000
0000
0001
0000
0001
1000
0010
0000
,
0100
0000
0000
0000
1001
0000
0000
0000
,
0001
0000
1000
0010
0100
0000
0001
0000
,
0100
0000
0002
0000
1000
0000
0103
0000
,
0101
0000
0000
0000
2000
0000
3001
0000
,
0100
0000
0001
0100
0010
0000
0001
1000
,
0001
0000
0010
0000
0100
0000
0011
0000
,
0001
0000
0010
0000
0001
0000
1000
0000
,
1000
0000
1000
0010
0100
0000
0010
0100
,
1000
0000
2002
0000
0000
3003
0000
1000
,
0001
0100
1000
0000
0002
0003
1000
1000
,
2000
0000
0020
0000
3030
0000
0010
0000
,
0010
0000
0022
0033
0000
1000
0000
0000
,
0010
1000
0020
0000
0130
0000
0100
0000
,
0100
0000
0001
0000
0000
0000
0002
0000
,
0023
0000
0001
0000
1030
0000
1000
0100
,
1000
0000
2020
0000
0000
0000
3030
0000
,
0100
0000
0001
0010
0001
0000
0010
0000
,
0200
0300
0010
0001
0100
0000
0100
0000
,
0101
0000
0000
0000
0200
0000
1300
0000
,
1000
0000
0100
0000
1000
0010
0002
0000
,
2000
0000
3003
0000
0010
0000
0110
0000
,
0000
0000
1000
0000
0001
0000
0010
0000
,
0100
0000
0002
0000
0013
0000
1000
0000
,
1000
0000
0101
0000
0000
1000
0001
0000
,
0001
0000
1000
0010
0100
0000
0000
0000
,
0200
0000
0310
0000
0100
1000
2000
0000
,
3001
0000
1000
0000
2200
0000
3300
0000
,
1000
0000
0001
0000
0100
0001
1000
0000
,
0000
0000
0001
0000
1000
0100
0020
0000
,
0100
0030
0000
0000
1100
0000
0000
0000
,
0010
0000
0100
0000
0010
0000
0100
0000
,
0200
0300
0000
0000
0100
0000
2000
0000
,
0200
0000
3300
0000
0000
0000
1001
0000
,
0000
1000
0100
0001
1000
0100
1000
1000
,
0100
0000
0100
0000
0010
0000
0010
0000
,
0010
0000
0001
0100
0010
0000
0000
0001
,
0010
0000
0200
0000
0000
0000
2300
3000
,
0010
0010
0001
0000
0110
0000
1000
0000
,
0000
0200
0000
0000
1300
0000
1000
0000
,
0000
0000
0000
0000
0000
0000
0000
0000
,
0000
0000
0000
0000
0000
0000
0000
0000
,
0000
0000
0000
0000
0000
0000
0000
0000
,
0000
0000
0000
0000
0000
0000
0000
0000
,
0000
0000
0000
0000
0000
0000
0000
0000
,
0000
0000
0000
0000
0000
0000
0000
0000
,
0000
0000
0000
0000
0000
0000
0000
0000
,
0000
0000
0000
0000
0000
0000
0000
0000
,
0000
0000
0000
0000
0000
0000
0000
0000
,
0000
0000
0000
0000
0000
0000
0000
0000
,
0000
0000
0000
0000
0000
0000
0000
0000
,
0000
0000
0000
0000
0000
0000
3333
3333
;

//---------------dance-single - ----------------
#NOTES:
     dance-single:
     :
     Challenge:
     10:
     0.733800,0.772920,0.048611,0.850698,0.060764,634.000000,628.000000,6.000000,105.000000,8.000000,0.000000,0.733800,0.772920,0.048611,0.850698,0.060764,634.000000,628.000000,6.000000,105.000000,8.000000,0.000000:
0000
0000
10M1
0000
0100
0010
0000
2000
,
0100
0000
3001
0000
0010
0000
2020
3000
,
0030
0000
0010
0000
0010
0000
0100
0000
,
2200
0000
0300
0000
3001
0000
0001
01M0
,
0000
0002
0013
0000
0100
0000
0101
0000
,
0000
0010
0000
0000
0001
1000
0001
1000
,
0010
0000
1010
0000
0000
0001
0010
0000
,
0010
0100
0002
0000
0100
0000
0103
0000
,
0000
0100
0001
0010
0M2M
0000
1030
0000
,
0010
0000
1000
0000
0011
0000
0000
0001
,
1000
0001
0100
0000
0100
0000
0011
0000
,
0100
0000
0100
0001
1000
0000
0100
0000
,
1010
0000
0010
0000
0100
0000
1000
0010
,
0100
1000
0002
0000
0200
0000
0303
0000
,
0100
0000
1000
0000
0002
0000
0013
0000
,
0012
0000
2000
0000
3003
0000
0010
0000
,
1000
0000
2020
0000
3030
0000
0000
0000
,
0100
0010
0020
0000
0031
0000
0010
0001
,
0100
20M0
3010
0000
0000
0000
0200
0000
,
001M
0000
0301
0000
0002
0003
0010
0100
,
0010
0000
M202
0000
0000
0000
0303
0000
,
0010
0000
0010
0000
00M1
1000
0100
0000
,
0120
0030
0000
0010
010M
0000
0010
0000
,
0001
0000
2200
0000
0000
3300
0000
0010
,
1000
0000
1000
0000
0101
0000
0000
0000
,
0002
0000
0013
0000
0001
0000
0101
0000
,
0000
0M10
0001
0000
0010
0000
0001
0000
,
0101
0000
0000
0000
0010
0000
0100
0010
,
1000
0000
1010
0000
0000
0001
0100
0000
,
0001
0000
0001
0000
0011
0000
0000
0000
,
0200
0000
0310
0000
0100
0000
0202
0000
,
0303
0000
0001
0100
0002
0000
0103
0000
,
1000
0001
0100
0000
01M0
0000
1001
0000
,
0000
0000
0100
0001
1000
0000
2000
0000
,
0001
3000
0000
0000
101M
0000
0000
0000
,
1000
0000
0100
0000
0001
0000
0110
0000
,
0000
0100
0000
0000
0010
0000
2000
0000
,
0200
0000
33M0
0000
0000
0010
1000
0001
,
0010
1000
0001
0000
1001
0000
0000
0000
,
0010
0000
0100
0000
0M10
0000
1001
0000
,
0001
0010
0100
0010
0M01
0000
0000
0000
,
0110
0000
2000
0000
0000
0000
3200
0000
,
0310
0000
1100
0000
0100
0010
0001
0000
,
0000
0002
0000
0000
0103
0000
0100
0000
,
0000
0000
0000
0000
0000
0000
0000
0000
,
0000
0000
0000
0000
0000
0000
0000
0000
,
0000
0000
0000
0000
0000
0000
0000
0000
,
0000
0000
0000
0000
0000
0000
0000
0000
,
0000
0000
0000
0000
0000
0000
0000
0000
,
0000
0000
0000
0000
0000
0000
0000
0000
,
0000
0000
0000
0000
0000
0000
0000
0000
,
0000
0000
0000
0000
0000
0000
0000
0000
,
0000
0000
0000
0000
0000
0000
0000
0000
,
0000
0000
0000
0000
0000
0000
0000
0000
,
0000
0000
0000
0000
0000
0000
0000
0000
,
0000
0000
0000
0000
0000
0000
3333
3333
;

